24
0
0
6
0 -0.000000 17.799999 0.000000
1 4.606979 17.193480 0.000000
2 8.900000 15.415252 0.000000
3 12.586500 12.586500 0.000000
4 15.415252 8.900000 0.000000
5 17.193480 4.606979 0.000000
6 17.799999 0.000000 0.000000
7 17.193480 -4.606979 0.000000
8 15.415252 -8.900000 0.000000
9 12.586500 -12.586500 0.000000
10 8.900000 -15.415252 0.000000
11 4.606979 -17.193480 0.000000
12 -0.000000 -17.799999 0.000000
13 -4.606979 -17.193480 0.000000
14 -8.900000 -15.415252 0.000000
15 -12.586500 -12.586500 0.000000
16 -15.415252 -8.900000 0.000000
17 -17.193480 -4.606979 0.000000
18 -17.799999 0.000000 0.000000
19 -17.193480 4.606979 0.000000
20 -15.415252 8.900000 0.000000
21 -12.586500 12.586500 0.000000
22 -8.900000 15.415252 0.000000
23 -4.606979 17.193480 0.000000
