660
0 2 3
1 3 4
2 4 5
3 5 6
4 7 8
5 10 11
6 11 12
7 12 13
8 13 14
9 14 15
10 15 16
11 16 17
12 17 18
13 18 19
14 19 20
15 20 21
16 21 22
17 22 23
18 23 24
19 24 25
20 25 26
21 18 5
22 4 17
23 0 10
24 26 9
25 19 6
26 13 1
27 15 2
28 23 7
29 16 3
30 24 8
31 27 28
32 28 29
33 29 30
34 30 31
35 31 32
36 32 33
37 33 34
38 34 35
39 35 36
40 36 37
41 37 38
42 38 39
43 39 40
44 40 41
45 41 42
46 42 43
47 37 20
48 19 36
49 30 13
50 12 29
51 38 21
52 31 14
53 39 22
54 32 15
55 40 23
56 33 16
57 41 24
58 34 17
59 27 10
60 42 25
61 35 18
62 28 11
63 43 26
64 44 45
65 45 46
66 46 47
67 47 48
68 48 49
69 49 50
70 50 51
71 51 52
72 52 53
73 53 54
74 54 55
75 55 56
76 56 57
77 57 58
78 58 59
79 59 60
80 50 33
81 32 49
82 58 41
83 40 57
84 51 34
85 44 27
86 59 42
87 52 35
88 45 28
89 60 43
90 53 36
91 46 29
92 54 37
93 47 30
94 55 38
95 48 31
96 56 39
97 61 62
98 62 63
99 63 64
100 64 65
101 65 66
102 66 67
103 67 68
104 68 69
105 69 70
106 70 71
107 71 72
108 72 73
109 73 74
110 74 75
111 75 76
112 76 77
113 63 46
114 45 62
115 60 77
116 71 54
117 53 70
118 64 47
119 72 55
120 65 48
121 73 56
122 66 49
123 74 57
124 67 50
125 75 58
126 68 51
127 61 44
128 76 59
129 69 52
130 78 79
131 79 80
132 80 81
133 81 82
134 82 83
135 83 84
136 84 85
137 85 86
138 86 87
139 87 88
140 88 89
141 89 90
142 90 91
143 91 92
144 92 93
145 93 94
146 91 74
147 73 90
148 84 67
149 66 83
150 92 75
151 85 68
152 78 61
153 93 76
154 86 69
155 79 62
156 94 77
157 87 70
158 80 63
159 88 71
160 81 64
161 89 72
162 82 65
163 95 96
164 96 97
165 97 98
166 98 99
167 99 100
168 100 101
169 101 102
170 102 103
171 103 104
172 104 105
173 105 106
174 106 107
175 107 108
176 108 109
177 109 110
178 110 111
179 104 87
180 86 103
181 97 80
182 79 96
183 94 111
184 105 88
185 98 81
186 106 89
187 99 82
188 107 90
189 100 83
190 108 91
191 101 84
192 109 92
193 102 85
194 95 78
195 110 93
196 112 113
197 113 114
198 114 115
199 115 116
200 116 117
201 117 118
202 118 119
203 119 120
204 120 121
205 121 122
206 122 123
207 123 124
208 124 125
209 125 126
210 126 127
211 127 128
212 117 100
213 99 116
214 125 108
215 107 124
216 118 101
217 126 109
218 119 102
219 112 95
220 127 110
221 120 103
222 113 96
223 128 111
224 121 104
225 114 97
226 122 105
227 115 98
228 123 106
229 129 130
230 130 131
231 131 132
232 132 133
233 133 134
234 134 135
235 135 136
236 136 137
237 137 138
238 138 139
239 139 140
240 140 141
241 141 142
242 142 143
243 143 144
244 144 145
245 130 113
246 112 129
247 145 128
248 127 144
249 138 121
250 120 137
251 131 114
252 139 122
253 132 115
254 140 123
255 133 116
256 141 124
257 134 117
258 142 125
259 135 118
260 143 126
261 136 119
262 146 147
263 147 148
264 148 149
265 149 150
266 150 151
267 151 152
268 152 153
269 153 154
270 154 155
271 155 156
272 156 157
273 157 158
274 158 159
275 159 160
276 160 161
277 161 162
278 158 141
279 140 157
280 151 134
281 133 150
282 159 142
283 152 135
284 160 143
285 153 136
286 146 129
287 161 144
288 154 137
289 147 130
290 162 145
291 155 138
292 148 131
293 156 139
294 149 132
295 163 164
296 164 165
297 165 166
298 166 167
299 167 168
300 168 169
301 169 170
302 170 171
303 171 172
304 172 173
305 173 174
306 174 175
307 175 176
308 176 177
309 177 178
310 178 179
311 178 161
312 160 177
313 171 154
314 153 170
315 164 147
316 146 163
317 179 162
318 172 155
319 165 148
320 173 156
321 166 149
322 174 157
323 167 150
324 175 158
325 168 151
326 176 159
327 169 152
328 180 181
329 181 182
330 182 183
331 183 184
332 184 185
333 185 186
334 186 187
335 187 188
336 188 189
337 189 190
338 190 191
339 191 192
340 192 193
341 193 194
342 194 195
343 195 196
344 191 174
345 173 190
346 184 167
347 166 183
348 192 175
349 185 168
350 193 176
351 186 169
352 194 177
353 187 170
354 180 163
355 195 178
356 188 171
357 181 164
358 196 179
359 189 172
360 182 165
361 197 198
362 198 199
363 199 200
364 200 201
365 201 202
366 202 203
367 203 204
368 204 205
369 205 206
370 206 207
371 207 208
372 208 209
373 209 210
374 210 211
375 211 212
376 212 213
377 204 187
378 186 203
379 197 180
380 212 195
381 194 211
382 205 188
383 198 181
384 213 196
385 206 189
386 199 182
387 207 190
388 200 183
389 208 191
390 201 184
391 209 192
392 202 185
393 210 193
394 214 215
395 215 216
396 216 217
397 217 218
398 218 219
399 219 220
400 220 221
401 221 222
402 222 223
403 223 224
404 224 225
405 225 226
406 226 227
407 227 228
408 228 229
409 229 230
410 217 200
411 199 216
412 225 208
413 207 224
414 218 201
415 226 209
416 219 202
417 227 210
418 220 203
419 228 211
420 221 204
421 214 197
422 229 212
423 222 205
424 215 198
425 230 213
426 223 206
427 231 232
428 232 233
429 233 234
430 234 235
431 235 236
432 236 237
433 237 238
434 238 239
435 239 240
436 240 241
437 241 242
438 242 243
439 243 244
440 244 245
441 245 246
442 246 247
443 245 228
444 227 244
445 238 221
446 220 237
447 231 214
448 246 229
449 239 222
450 232 215
451 247 230
452 240 223
453 233 216
454 241 224
455 234 217
456 242 225
457 235 218
458 243 226
459 236 219
460 248 249
461 249 250
462 250 251
463 251 252
464 252 253
465 253 254
466 254 255
467 255 256
468 256 257
469 257 258
470 258 259
471 259 260
472 260 261
473 261 262
474 262 263
475 263 264
476 258 241
477 240 257
478 251 234
479 233 250
480 259 242
481 252 235
482 260 243
483 253 236
484 261 244
485 254 237
486 262 245
487 255 238
488 248 231
489 263 246
490 256 239
491 249 232
492 264 247
493 265 266
494 266 267
495 267 268
496 268 269
497 269 270
498 270 271
499 271 272
500 272 273
501 273 274
502 274 275
503 275 276
504 276 277
505 277 278
506 278 279
507 279 280
508 280 281
509 271 254
510 253 270
511 279 262
512 261 278
513 272 255
514 265 248
515 280 263
516 273 256
517 266 249
518 281 264
519 274 257
520 267 250
521 275 258
522 268 251
523 276 259
524 269 252
525 277 260
526 282 283
527 283 284
528 284 285
529 285 286
530 286 287
531 287 288
532 288 289
533 289 290
534 290 291
535 291 292
536 292 293
537 293 294
538 294 295
539 295 296
540 296 297
541 297 298
542 284 267
543 266 283
544 281 298
545 292 275
546 274 291
547 285 268
548 293 276
549 286 269
550 294 277
551 287 270
552 295 278
553 288 271
554 296 279
555 289 272
556 282 265
557 297 280
558 290 273
559 299 300
560 300 301
561 301 302
562 302 303
563 303 304
564 304 305
565 305 306
566 306 307
567 307 308
568 308 309
569 309 310
570 310 311
571 311 312
572 312 313
573 313 314
574 314 315
575 312 295
576 294 311
577 305 288
578 287 304
579 313 296
580 306 289
581 299 282
582 314 297
583 307 290
584 300 283
585 315 298
586 308 291
587 301 284
588 309 292
589 302 285
590 310 293
591 303 286
592 316 317
593 317 318
594 318 319
595 319 320
596 320 321
597 321 322
598 322 323
599 323 324
600 324 325
601 325 326
602 326 327
603 327 328
604 328 329
605 329 330
606 330 331
607 331 332
608 332 315
609 314 331
610 325 308
611 307 324
612 318 301
613 300 317
614 326 309
615 319 302
616 327 310
617 320 303
618 328 311
619 321 304
620 329 312
621 322 305
622 330 313
623 323 306
624 316 299
625 333 334
626 336 337
627 337 338
628 338 328
629 327 337
630 320 335
631 339 331
632 333 317
633 334 318
634 336 326
635 0 333
636 334 1
637 1 335
638 335 2
639 6 336
640 338 7
641 8 339
642 339 9
643 11 333
644 339 25
645 12 334
646 20 336
647 21 337
648 14 335
649 22 338
650 2 321
651 7 329
652 3 322
653 8 330
654 4 323
655 0 316
656 5 324
657 9 332
658 6 325
659 1 319
