340
0
0
78
0 0.0 5.500502586364746 16.92880630493164
1 0.0 12.58650016784668 12.58650016784668
2 0.0 15.859915733337402 8.08103084564209
3 0.0 16.92880630493164 5.500502109527588
4 0.0 17.580852508544922 2.784533739089966
5 0.0 17.799999237060547 -7.780626560816017e-07
6 0.0 17.580852508544922 -2.7845330238342285
7 0.0 12.58650016784668 -12.58650016784668
8 0.0 10.462575912475586 -14.400503158569336
9 0.0 5.500503063201904 -16.928804397583008
10 1.6997493505477905 5.231288909912109 16.92880630493164
11 2.4971764087677 7.685517311096191 15.859915733337402
12 3.233114719390869 9.950502395629883 14.40050220489502
13 3.8894429206848145 11.970473289489746 12.58650016784668
14 4.450000286102295 13.69569206237793 10.462576866149902
15 4.900984287261963 15.0836763381958 8.08103084564209
16 5.231289386749268 16.100252151489258 5.500502109527588
17 5.4327826499938965 16.72038459777832 2.784533739089966
18 5.500503063201904 16.92880630493164 -7.780626560816017e-07
19 5.4327826499938965 16.72038459777832 -2.7845330238342285
20 5.231288909912109 16.100250244140625 -5.500503063201904
21 4.900983810424805 15.083675384521484 -8.081032752990723
22 4.450000286102295 13.69569206237793 -10.462575912475586
23 3.8894429206848145 11.970473289489746 -12.58650016784668
24 3.233114242553711 9.950501441955566 -14.400503158569336
25 2.4971766471862793 7.685518264770508 -15.859914779663086
26 1.69974946975708 5.231289386749268 -16.928804397583008
27 3.2331154346466064 4.450000286102295 16.92880630493164
28 4.749911785125732 6.537691593170166 15.859915733337402
29 6.149749755859375 8.46440315246582 14.40050220489502
30 7.398160457611084 10.182692527770996 12.58650016784668
31 8.464404106140137 11.650251388549805 10.462576866149902
32 9.322226524353027 12.830942153930664 8.08103084564209
33 9.950505256652832 13.695693016052246 5.500502109527588
34 10.333767890930176 14.2232084274292 2.784533739089966
35 10.462578773498535 14.400503158569336 -7.780626560816017e-07
36 10.333767890930176 14.2232084274292 -2.7845330238342285
37 9.9505033493042 13.695691108703613 -5.500503063201904
38 9.322226524353027 12.830941200256348 -8.081032752990723
39 8.464404106140137 11.650251388549805 -10.462575912475586
40 7.398160457611084 10.182692527770996 -12.58650016784668
41 6.149749279022217 8.464402198791504 -14.400503158569336
42 4.749912738800049 6.537692546844482 -15.859914779663086
43 3.2331156730651855 4.450000762939453 -16.928804397583008
44 4.4500017166137695 3.23311448097229 16.92880630493164
45 6.537693023681641 4.749910831451416 15.859915733337402
46 8.464405059814453 6.149748802185059 14.40050220489502
47 10.182694435119629 7.398159027099609 12.58650016784668
48 11.650254249572754 8.46440315246582 10.462576866149902
49 12.830945014953613 9.322224617004395 8.08103084564209
50 13.695696830749512 9.950502395629883 5.500502109527588
51 14.223211288452148 10.333765983581543 2.784533739089966
52 14.400506019592285 10.462577819824219 -7.780626560816017e-07
53 14.223211288452148 10.333765983581543 -2.7845330238342285
54 13.695693969726562 9.950501441955566 -5.500503063201904
55 12.830945014953613 9.322223663330078 -8.081032752990723
56 11.650254249572754 8.46440315246582 -10.462575912475586
57 10.182694435119629 7.398159027099609 -12.58650016784668
58 8.464404106140137 6.149747848510742 -14.400503158569336
59 6.537694454193115 4.749911308288574 -15.859914779663086
60 4.450002193450928 3.233114719390869 -16.928804397583008
61 5.231290817260742 1.6997482776641846 16.92880630493164
62 7.685519695281982 2.497175455093384 15.859915733337402
63 9.950506210327148 3.2331135272979736 14.40050220489502
64 11.970476150512695 3.889441728591919 12.58650016784668
65 13.695695877075195 4.4499993324279785 10.462576866149902
66 15.083681106567383 4.900982856750488 8.08103084564209
67 16.100255966186523 5.231287479400635 5.500502109527588
68 16.720386505126953 5.432781219482422 2.784533739089966
69 16.928810119628906 5.500502109527588 -7.780626560816017e-07
70 16.720386505126953 5.432781219482422 -2.7845330238342285
71 16.10025405883789 5.231287002563477 -5.500503063201904
72 15.083681106567383 4.900981903076172 -8.081032752990723
73 13.695695877075195 4.4499993324279785 -10.462575912475586
74 11.970476150512695 3.889441728591919 -12.58650016784668
75 9.950504302978516 3.2331130504608154 -14.400503158569336
76 7.685521125793457 2.497175455093384 -15.859914779663086
77 5.2312912940979 1.6997483968734741 -16.928804397583008
78 5.500504970550537 -1.1490457154650358e-06 16.92880630493164
79 8.081034660339355 -1.5066735841173795e-06 15.859915733337402
80 10.4625825881958 -1.9835106286336668e-06 14.40050220489502
81 12.586503982543945 -1.745092163218942e-06 12.58650016784668
82 14.400507926940918 -1.9835106286336668e-06 10.462576866149902
83 15.8599214553833 -1.9835106286336668e-06 8.08103084564209
84 16.928810119628906 -2.4603477868367918e-06 5.500502109527588
85 17.580854415893555 -1.9835106286336668e-06 2.784533739089966
86 17.800004959106445 -1.9835106286336668e-06 -7.780626560816017e-07
87 17.580854415893555 -1.9835106286336668e-06 -2.7845330238342285
88 16.928808212280273 -2.4603477868367918e-06 -5.500503063201904
89 15.8599214553833 -2.9371849450399168e-06 -8.081032752990723
90 14.400507926940918 -1.9835106286336668e-06 -10.462575912475586
91 12.586503982543945 -1.745092163218942e-06 -12.58650016784668
92 10.462580680847168 -1.9835106286336668e-06 -14.400503158569336
93 8.081035614013672 -1.745092163218942e-06 -15.859914779663086
94 5.500504970550537 -1.1490457154650358e-06 -16.928804397583008
95 5.2312912940979 -1.6997507810592651 16.92880630493164
96 7.685520648956299 -2.497178554534912 15.859915733337402
97 9.950507164001465 -3.2331178188323975 14.40050220489502
98 11.970477104187012 -3.8894453048706055 12.58650016784668
99 13.695696830749512 -4.450003623962402 10.462576866149902
100 15.0836820602417 -4.900987148284912 8.08103084564209
101 16.100255966186523 -5.231292724609375 5.500502109527588
102 16.720386505126953 -5.4327850341796875 2.784533739089966
103 16.92881202697754 -5.5005059242248535 -7.780626560816017e-07
104 16.720386505126953 -5.4327850341796875 -2.7845330238342285
105 16.10025405883789 -5.231291770935059 -5.500503063201904
106 15.0836820602417 -4.9009881019592285 -8.081032752990723
107 13.695696830749512 -4.450003623962402 -10.462575912475586
108 11.970477104187012 -3.8894453048706055 -12.58650016784668
109 9.950506210327148 -3.2331173419952393 -14.400503158569336
110 7.685521602630615 -2.4971790313720703 -15.859914779663086
111 5.2312912940979 -1.6997507810592651 -16.928804397583008
112 4.450002193450928 -3.23311710357666 16.92880630493164
113 6.537694454193115 -4.749914646148682 15.859915733337402
114 8.464407920837402 -6.149753570556641 14.40050220489502
115 10.182696342468262 -7.398163318634033 12.58650016784668
116 11.650256156921387 -8.464407920837402 10.462576866149902
117 12.830946922302246 -9.322229385375977 8.08103084564209
118 13.695696830749512 -9.950508117675781 5.500502109527588
119 14.223210334777832 -10.333769798278809 2.784533739089966
120 14.400508880615234 -10.462583541870117 -7.780626560816017e-07
121 14.223210334777832 -10.333769798278809 -2.7845330238342285
122 13.695694923400879 -9.950506210327148 -5.500503063201904
123 12.830946922302246 -9.32223129272461 -8.081032752990723
124 11.650256156921387 -8.464407920837402 -10.462575912475586
125 10.182696342468262 -7.398163318634033 -12.58650016784668
126 8.464406967163086 -6.149753093719482 -14.400503158569336
127 6.537695407867432 -4.74991512298584 -15.859914779663086
128 4.450002193450928 -3.23311710357666 -16.928804397583008
129 3.2331156730651855 -4.450003623962402 16.92880630493164
130 4.749913215637207 -6.53769588470459 15.859915733337402
131 6.149753093719482 -8.464408874511719 14.40050220489502
132 7.3981614112854 -10.182698249816895 12.58650016784668
133 8.464407920837402 -11.65025806427002 10.462576866149902
134 9.322230339050293 -12.830947875976562 8.08103084564209
135 9.950507164001465 -13.695699691772461 5.500502109527588
136 10.333767890930176 -14.223213195800781 2.784533739089966
137 10.4625825881958 -14.400510787963867 -7.780626560816017e-07
138 10.333767890930176 -14.223213195800781 -2.7845330238342285
139 9.950505256652832 -13.695696830749512 -5.500503063201904
140 9.322229385375977 -12.830949783325195 -8.081032752990723
141 8.464407920837402 -11.65025806427002 -10.462575912475586
142 7.3981614112854 -10.182698249816895 -12.58650016784668
143 6.149752140045166 -8.464408874511719 -14.400503158569336
144 4.749914169311523 -6.537696838378906 -15.859914779663086
145 3.2331156730651855 -4.450003623962402 -16.928804397583008
146 1.69974946975708 -5.231292724609375 16.92880630493164
147 2.4971773624420166 -7.685522556304932 15.859915733337402
148 3.23311710357666 -9.950510025024414 14.40050220489502
149 3.8894433975219727 -11.970479011535645 12.58650016784668
150 4.450003147125244 -13.695699691772461 10.462576866149902
151 4.900987148284912 -15.083684921264648 8.08103084564209
152 5.231291770935059 -16.100261688232422 5.500502109527588
153 5.432783126831055 -16.72039031982422 2.784533739089966
154 5.500504970550537 -16.928815841674805 -7.780626560816017e-07
155 5.432783126831055 -16.72039031982422 -2.7845330238342285
156 5.231290817260742 -16.100257873535156 -5.500503063201904
157 4.9009857177734375 -15.083686828613281 -8.081032752990723
158 4.450003147125244 -13.695699691772461 -10.462575912475586
159 3.8894433975219727 -11.970479011535645 -12.58650016784668
160 3.2331161499023438 -9.950510025024414 -14.400503158569336
161 2.497178077697754 -7.685523986816406 -15.859914779663086
162 1.69974946975708 -5.231292724609375 -16.928804397583008
163 -1.1517727216414642e-07 -5.500506401062012 16.92880630493164
164 2.4245059648819733e-07 -8.081036567687988 15.859915733337402
165 9.577063337928848e-07 -10.46258544921875 14.40050220489502
166 -7.112237199180527e-07 -12.586506843566895 12.58650016784668
167 9.577063337928848e-07 -14.400511741638184 10.462576866149902
168 9.577063337928848e-07 -15.859925270080566 8.08103084564209
169 4.032017386634834e-09 -16.928817749023438 5.500502109527588
170 -4.7280514081649017e-07 -17.58085823059082 2.784533739089966
171 4.032017386634834e-09 -17.800010681152344 -7.780626560816017e-07
172 -4.7280514081649017e-07 -17.58085823059082 -2.7845330238342285
173 4.808691755897598e-07 -16.928813934326172 -5.500503063201904
174 -4.7280514081649017e-07 -15.8599271774292 -8.081032752990723
175 9.577063337928848e-07 -14.400511741638184 -10.462575912475586
176 -7.112237199180527e-07 -12.586506843566895 -12.58650016784668
177 4.032017386634834e-09 -10.46258544921875 -14.400503158569336
178 4.808691755897598e-07 -8.081038475036621 -15.859914779663086
179 -1.1517727216414642e-07 -5.500506401062012 -16.928804397583008
180 -1.6997495889663696 -5.231292724609375 16.92880630493164
181 -2.4971768856048584 -7.685522556304932 15.859915733337402
182 -3.2331154346466064 -9.950510025024414 14.40050220489502
183 -3.8894448280334473 -11.970479965209961 12.58650016784668
184 -4.4500017166137695 -13.695700645446777 10.462576866149902
185 -4.900985240936279 -15.083685874938965 8.08103084564209
186 -5.231292247772217 -16.100263595581055 5.500502109527588
187 -5.432784080505371 -16.72039031982422 2.784533739089966
188 -5.500505447387695 -16.928815841674805 -7.780626560816017e-07
189 -5.432784080505371 -16.72039031982422 -2.7845330238342285
190 -5.231290340423584 -16.10025978088379 -5.500503063201904
191 -4.900987148284912 -15.083687782287598 -8.081032752990723
192 -4.4500017166137695 -13.695700645446777 -10.462575912475586
193 -3.8894448280334473 -11.970479965209961 -12.58650016784668
194 -3.233116388320923 -9.950510025024414 -14.400503158569336
195 -2.4971773624420166 -7.6855244636535645 -15.859914779663086
196 -1.6997495889663696 -5.231292724609375 -16.928804397583008
197 -3.2331159114837646 -4.450003623962402 16.92880630493164
198 -4.749912738800049 -6.537696838378906 15.859915733337402
199 -6.149752140045166 -8.464409828186035 14.40050220489502
200 -7.398163318634033 -10.182699203491211 12.58650016784668
201 -8.46440601348877 -11.650259971618652 10.462576866149902
202 -9.32222843170166 -12.830949783325195 8.08103084564209
203 -9.950509071350098 -13.69570255279541 5.500502109527588
204 -10.333768844604492 -14.223214149475098 2.784533739089966
205 -10.4625825881958 -14.400511741638184 -7.780626560816017e-07
206 -10.333768844604492 -14.223214149475098 -2.7845330238342285
207 -9.950506210327148 -13.695699691772461 -5.500503063201904
208 -9.322230339050293 -12.830951690673828 -8.081032752990723
209 -8.46440601348877 -11.650259971618652 -10.462575912475586
210 -7.398163318634033 -10.182699203491211 -12.58650016784668
211 -6.149753093719482 -8.464408874511719 -14.400503158569336
212 -4.749914169311523 -6.537697792053223 -15.859914779663086
213 -3.2331159114837646 -4.450003623962402 -16.928804397583008
214 -4.450002193450928 -3.23311710357666 16.92880630493164
215 -6.537694454193115 -4.749915599822998 15.859915733337402
216 -8.464407920837402 -6.149754524230957 14.40050220489502
217 -10.182698249816895 -7.398163795471191 12.58650016784668
218 -11.650256156921387 -8.464410781860352 10.462576866149902
219 -12.830946922302246 -9.322232246398926 8.08103084564209
220 -13.695700645446777 -9.95051097869873 5.500502109527588
221 -14.223212242126465 -10.333770751953125 2.784533739089966
222 -14.40050983428955 -10.462584495544434 -7.780626560816017e-07
223 -14.223212242126465 -10.333770751953125 -2.7845330238342285
224 -13.695696830749512 -9.950509071350098 -5.500503063201904
225 -12.830948829650879 -9.322233200073242 -8.081032752990723
226 -11.650256156921387 -8.464410781860352 -10.462575912475586
227 -10.182698249816895 -7.398163795471191 -12.58650016784668
228 -8.464407920837402 -6.149753570556641 -14.400503158569336
229 -6.537696361541748 -4.749916076660156 -15.859914779663086
230 -4.450002193450928 -3.23311710357666 -16.928804397583008
231 -5.2312912940979 -1.6997510194778442 16.92880630493164
232 -7.685521602630615 -2.4971797466278076 15.859915733337402
233 -9.950509071350098 -3.2331185340881348 14.40050220489502
234 -11.970479011535645 -3.8894453048706055 12.58650016784668
235 -13.695698738098145 -4.450006484985352 10.462576866149902
236 -15.083683967590332 -4.900988578796387 8.08103084564209
237 -16.100263595581055 -5.231293678283691 5.500502109527588
238 -16.72039031982422 -5.432785511016846 2.784533739089966
239 -16.928815841674805 -5.50050687789917 -7.780626560816017e-07
240 -16.72039031982422 -5.432785511016846 -2.7845330238342285
241 -16.100257873535156 -5.23129415512085 -5.500503063201904
242 -15.083685874938965 -4.900989532470703 -8.081032752990723
243 -13.695698738098145 -4.450006484985352 -10.462575912475586
244 -11.970479011535645 -3.8894453048706055 -12.58650016784668
245 -9.950508117675781 -3.2331175804138184 -14.400503158569336
246 -7.685523509979248 -2.4971795082092285 -15.859914779663086
247 -5.2312912940979 -1.6997510194778442 -16.928804397583008
248 -5.500504970550537 -1.3874642945665983e-06 16.92880630493164
249 -8.081035614013672 -2.4603477868367918e-06 15.859915733337402
250 -10.462584495544434 -1.9835106286336668e-06 14.40050220489502
251 -12.586506843566895 -7.91417846812692e-07 12.58650016784668
252 -14.400510787963867 -3.890859261446167e-06 10.462576866149902
253 -15.85992431640625 -2.4603477868367918e-06 8.08103084564209
254 -16.92881965637207 -1.0298364259142545e-06 5.500502109527588
255 -17.580860137939453 -1.5066735841173795e-06 2.784533739089966
256 -17.800012588500977 -1.5066735841173795e-06 -7.780626560816017e-07
257 -17.580860137939453 -1.5066735841173795e-06 -2.7845330238342285
258 -16.928813934326172 -2.9371849450399168e-06 -5.500503063201904
259 -15.859926223754883 -2.9371849450399168e-06 -8.081032752990723
260 -14.400510787963867 -3.890859261446167e-06 -10.462575912475586
261 -12.586506843566895 -7.91417846812692e-07 -12.58650016784668
262 -10.462583541870117 -1.268255005015817e-06 -14.400503158569336
263 -8.081037521362305 -1.745092163218942e-06 -15.859914779663086
264 -5.500504970550537 -1.3874642945665983e-06 -16.928804397583008
265 -5.2312912940979 1.699748158454895 16.92880630493164
266 -7.685522079467773 2.4971749782562256 15.859915733337402
267 -9.950509071350098 3.23311448097229 14.40050220489502
268 -11.970479011535645 3.889443874359131 12.58650016784668
269 -13.695699691772461 4.44999885559082 10.462576866149902
270 -15.083684921264648 4.900983810424805 8.08103084564209
271 -16.100265502929688 5.231292247772217 5.500502109527588
272 -16.72039222717285 5.432783126831055 2.784533739089966
273 -16.928817749023438 5.500504970550537 -7.780626560816017e-07
274 -16.72039222717285 5.432783126831055 -2.7845330238342285
275 -16.10025978088379 5.231288433074951 -5.500503063201904
276 -15.083686828613281 4.900983810424805 -8.081032752990723
277 -13.695699691772461 4.44999885559082 -10.462575912475586
278 -11.970479011535645 3.889443874359131 -12.58650016784668
279 -9.950507164001465 3.2331149578094482 -14.400503158569336
280 -7.685523509979248 2.4971764087677 -15.859914779663086
281 -5.2312912940979 1.699748158454895 -16.928804397583008
282 -4.450002193450928 3.233114719390869 16.92880630493164
283 -6.537696361541748 4.749911785125732 15.859915733337402
284 -8.464408874511719 6.14975118637085 14.40050220489502
285 -10.182697296142578 7.398162841796875 12.58650016784668
286 -11.650259017944336 8.464405059814453 10.462576866149902
287 -12.830948829650879 9.322227478027344 8.08103084564209
288 -13.695703506469727 9.950510025024414 5.500502109527588
289 -14.223215103149414 10.333768844604492 2.784533739089966
290 -14.4005126953125 10.462583541870117 -7.780626560816017e-07
291 -14.223215103149414 10.333768844604492 -2.7845330238342285
292 -13.695699691772461 9.950505256652832 -5.500503063201904
293 -12.830950736999512 9.32222843170166 -8.081032752990723
294 -11.650259017944336 8.464405059814453 -10.462575912475586
295 -10.182697296142578 7.398162841796875 -12.58650016784668
296 -8.464406967163086 6.149750709533691 -14.400503158569336
297 -6.537696838378906 4.749913215637207 -15.859914779663086
298 -4.450002193450928 3.233114719390869 -16.928804397583008
299 -3.2331156730651855 4.450001239776611 16.92880630493164
300 -4.74991512298584 6.537693977355957 15.859915733337402
301 -6.149753570556641 8.464406967163086 14.40050220489502
302 -7.398161888122559 10.182698249816895 12.58650016784668
303 -8.464408874511719 11.650256156921387 10.462576866149902
304 -9.322230339050293 12.830946922302246 8.08103084564209
305 -9.95051097869873 13.69570255279541 5.500502109527588
306 -10.333769798278809 14.223213195800781 2.784533739089966
307 -10.462584495544434 14.400510787963867 -7.780626560816017e-07
308 -10.333769798278809 14.223213195800781 -2.7845330238342285
309 -9.950509071350098 13.695697784423828 -5.500503063201904
310 -9.322232246398926 12.830947875976562 -8.081032752990723
311 -8.464408874511719 11.650256156921387 -10.462575912475586
312 -7.398161888122559 10.182698249816895 -12.58650016784668
313 -6.149752140045166 8.46440601348877 -14.400503158569336
314 -4.74991512298584 6.537695407867432 -15.859914779663086
315 -3.2331156730651855 4.450001239776611 -16.928804397583008
316 -1.6997493505477905 5.231290817260742 16.92880630493164
317 -2.497178792953491 7.685521125793457 15.859915733337402
318 -3.2331173419952393 9.950508117675781 14.40050220489502
319 -3.8894429206848145 11.970479011535645 12.58650016784668
320 -4.4500041007995605 13.695698738098145 10.462576866149902
321 -4.900986194610596 15.083683967590332 8.08103084564209
322 -5.231292724609375 16.100265502929688 5.500502109527588
323 -5.432784080505371 16.72039031982422 2.784533739089966
324 -5.5005059242248535 16.928815841674805 -7.780626560816017e-07
325 -5.432784080505371 16.72039031982422 -2.7845330238342285
326 -5.231293201446533 16.10025978088379 -5.500503063201904
327 -4.9009881019592285 15.083684921264648 -8.081032752990723
328 -4.4500041007995605 13.695698738098145 -10.462575912475586
329 -3.8894429206848145 11.970479011535645 -12.58650016784668
330 -3.2331161499023438 9.950507164001465 -14.400503158569336
331 -2.497178316116333 7.685522556304932 -15.859914779663086
332 -1.6997493505477905 5.231290817260742 -16.928804397583008
333 -1.1880608781211777e-06 8.081035614013672 15.859915733337402
334 -7.112237199180527e-07 10.462584495544434 14.40050220489502
335 -9.496422990196152e-07 14.400510787963867 10.462576866149902
336 -9.496422990196152e-07 16.928815841674805 -5.500503063201904
337 -9.496422990196152e-07 15.859926223754883 -8.081032752990723
338 -9.496422990196152e-07 14.400510787963867 -10.462575912475586
339 -2.3438656171492767e-07 8.081037521362305 -15.859914779663086
